0.138732902467685 0.406811861933209 0
0.184859165687427 2.67788131022346 0
0.320447532314924 -2.14389210741367 0
0.287769858989424 1.29913229150056 0
0.303994418331375 -2.09108105261225 0
0.275292714453584 -0.907097498186953 0
0.467874441833138 -1.66361836156039 0
0.530645005875441 -1.23764905756226 0
0.45832285546416 -1.03813269526726 0
0.544315452408931 -1.85127288785092 0
0.806429964747356 -1.75491732941419 0
0.837284430082256 -1.76191090033452 0
0.746517391304348 -1.28839367384438 0
0.277763513513514 -2.72453107168958 0
0.289817802585194 -0.79494958034131 0
0.426906991774383 -1.76583139702038 0
0.430366216216216 -2.48207160490895 0
0.43534741480611 -0.370064671393769 0
0.508895005875441 -1.37704951155086 0
0.551667156286721 -1.61394778672702 0
0.537949588719154 0.14186444983793 0
0.703250058754407 -1.40615838031179 0
0.631701997649824 -1.21153249460916 0
0.686590129259695 -1.61672903885446 0
0.921893537015276 -2.06116848860352 0
0.147601645123384 -2.59023198974596 0
0.249832784958872 0.104558771860097 0
0.26843625146886 -0.181037409289341 0
0.313789247943596 1.08742816709367 0
0.375290188014101 -1.13072610165044 0
0.387532314923619 -0.0694023469480579 0
