0.057 -0.661314861772528 0
0.0804199764982374 0.0392694637727325 0
0.251278613396005 -6.85209464543503 0
0.291009753231492 1.38270631090013 0
0.240606227967098 0.840275664828217 0
0.223951292596945 0.0721293738592542 0
0.51855705052879 -0.725107443018745 0
0.574301175088132 -1.51932630328015 0
0.469350058754407 -0.583667591431409 0
0.620594242068155 -1.41506264512407 0
0.607288131609871 -1.85038453783672 0
0.737451997649824 -1.14121025065425 0
0.925523443008226 -1.94391689550468 0
0.228679200940071 -1.51586924349712 0
0.223731844888367 -3.6359948591303 0
0.4022410693302 -1.18305840237342 0
0.530340658049354 -1.09988558005087 0
0.445367097532315 -1.46633640926272 0
0.514960869565217 -0.72129047259703 0
0.611714982373678 -1.95780774303986 0
0.69706598119859 -1.46051963817117 0
0.66582044653349 -1.65941589429967 0
0.814668683901293 -1.74648168594343 0
0.805548061104583 -1.3619156892841 0
0.74973160987074 -0.750786337014295 0
0.130637015276146 -1.80133864521764 0
0.19011598119859 1.48373186755317 0
0.207394594594595 1.13429131386663 0
0.231438895417156 0.0980132467143426 0
0.389381903642773 -2.92164960587149 0
0.325381727379553 -0.614448870232324 0
