-4.0 2.67671e-05
-3.8 5.83917e-05
-3.6 0.0001223853
-3.4 0.0002464537
-3.2 0.0004768368
-3.0 0.0008864052
-2.8 0.0015831538
-2.6 0.0027167028
-2.4 0.0044790857
-2.2 0.0070952032
-2.0 0.0107986265
-1.8 0.0157906651
-1.6 0.0221850569
-1.4 0.0299466944
-1.2 0.038838769
-1.0 0.0483960863
-0.8 0.0579406348
-0.6 0.0666475941
-0.4 0.0736569828
-0.2 0.0782116762
 0.0 0.0797916569
 0.2 0.0782116762
 0.4 0.0736569828
 0.6 0.0666475941
 0.8 0.0579406348
 1.0 0.0483960863
 1.2 0.038838769
 1.4 0.0299466944
 1.6 0.0221850569
 1.8 0.0157906651
 2.0 0.0107986265
 2.2 0.0070952032
 2.4 0.0044790857
 2.6 0.0027167028
 2.8 0.0015831538
 3.0 0.0008864052
 3.2 0.0004768368
 3.4 0.0002464537
 3.6 0.0001223853
 3.8 5.83917e-05
 4.0 2.67671e-05
