-4.0 -4.0 0.0000976121
-3.8 -4.0 0.0001299904
-3.6 -4.0 0.0001334200
-3.4 -4.0 0.0001055439
-3.2 -4.0 0.0000643499
-3.0 -4.0 0.0000302388
-2.8 -4.0 0.0000109518
-2.6 -4.0 0.0000030571
-2.4 -4.0 0.0000006577
-2.2 -4.0 0.0000001091
-2.0 -4.0 0.0000000139
-1.8 -4.0 0.0000000014
-1.6 -4.0 0.0000000001
-1.4 -4.0 0.0000000000
-1.2 -4.0 0.0000000000
-1.0 -4.0 0.0000000000
-0.8 -4.0 0.0000000000
-0.6 -4.0 0.0000000000
-0.4 -4.0 0.0000000000
-0.2 -4.0 0.0000000000
 0.0 -4.0 0.0000000000
 0.2 -4.0 0.0000000000
 0.4 -4.0 0.0000000000
 0.6 -4.0 0.0000000000
 0.8 -4.0 0.0000000000
 1.0 -4.0 0.0000000000
 1.2 -4.0 0.0000000000
 1.4 -4.0 0.0000000000
 1.6 -4.0 0.0000000000
 1.8 -4.0 0.0000000000
 2.0 -4.0 0.0000000000
 2.2 -4.0 0.0000000000
 2.4 -4.0 0.0000000000
 2.6 -4.0 0.0000000000
 2.8 -4.0 0.0000000000
 3.0 -4.0 0.0000000000
 3.2 -4.0 0.0000000000
 3.4 -4.0 0.0000000000
 3.6 -4.0 0.0000000000
 3.8 -4.0 0.0000000000
 4.0 -4.0 0.0000000000
-4.0 -3.8 0.0001299904
-3.8 -3.8 0.0002199724
-3.6 -3.8 0.0002868980
-3.4 -3.8 0.0002883962
-3.2 -3.8 0.0002234364
-3.0 -3.8 0.0001334200
-2.8 -3.8 0.0000614031
-2.6 -3.8 0.0000217802
-2.4 -3.8 0.0000059544
-2.2 -3.8 0.0000012546
-2.0 -3.8 0.0000002037
-1.8 -3.8 0.0000000255
-1.6 -3.8 0.0000000025
-1.4 -3.8 0.0000000002
-1.2 -3.8 0.0000000000
-1.0 -3.8 0.0000000000
-0.8 -3.8 0.0000000000
-0.6 -3.8 0.0000000000
-0.4 -3.8 0.0000000000
-0.2 -3.8 0.0000000000
 0.0 -3.8 0.0000000000
 0.2 -3.8 0.0000000000
 0.4 -3.8 0.0000000000
 0.6 -3.8 0.0000000000
 0.8 -3.8 0.0000000000
 1.0 -3.8 0.0000000000
 1.2 -3.8 0.0000000000
 1.4 -3.8 0.0000000000
 1.6 -3.8 0.0000000000
 1.8 -3.8 0.0000000000
 2.0 -3.8 0.0000000000
 2.2 -3.8 0.0000000000
 2.4 -3.8 0.0000000000
 2.6 -3.8 0.0000000000
 2.8 -3.8 0.0000000000
 3.0 -3.8 0.0000000000
 3.2 -3.8 0.0000000000
 3.4 -3.8 0.0000000000
 3.6 -3.8 0.0000000000
 3.8 -3.8 0.0000000000
 4.0 -3.8 0.0000000000
-4.0 -3.6 0.0001334200
-3.8 -3.6 0.0002868980
-3.6 -3.6 0.0004754849
-3.4 -3.6 0.0006073632
-3.2 -3.6 0.0005979469
-3.0 -3.6 0.0004537109
-2.8 -3.6 0.0002653373
-2.6 -3.6 0.0001195969
-2.4 -3.6 0.0000415474
-2.2 -3.6 0.0000111242
-2.0 -3.6 0.0000022956
-1.8 -3.6 0.0000003651
-1.6 -3.6 0.0000000448
-1.4 -3.6 0.0000000042
-1.2 -3.6 0.0000000003
-1.0 -3.6 0.0000000000
-0.8 -3.6 0.0000000000
-0.6 -3.6 0.0000000000
-0.4 -3.6 0.0000000000
-0.2 -3.6 0.0000000000
 0.0 -3.6 0.0000000000
 0.2 -3.6 0.0000000000
 0.4 -3.6 0.0000000000
 0.6 -3.6 0.0000000000
 0.8 -3.6 0.0000000000
 1.0 -3.6 0.0000000000
 1.2 -3.6 0.0000000000
 1.4 -3.6 0.0000000000
 1.6 -3.6 0.0000000000
 1.8 -3.6 0.0000000000
 2.0 -3.6 0.0000000000
 2.2 -3.6 0.0000000000
 2.4 -3.6 0.0000000000
 2.6 -3.6 0.0000000000
 2.8 -3.6 0.0000000000
 3.0 -3.6 0.0000000000
 3.2 -3.6 0.0000000000
 3.4 -3.6 0.0000000000
 3.6 -3.6 0.0000000000
 3.8 -3.6 0.0000000000
 4.0 -3.6 0.0000000000
-4.0 -3.4 0.0001055439
-3.8 -3.4 0.0002883962
-3.6 -3.4 0.0006073632
-3.4 -3.4 0.0009858477
-3.2 -3.4 0.0012333141
-3.0 -3.4 0.0011891593
-2.8 -3.4 0.0008837082
-2.6 -3.4 0.0005061511
-2.4 -3.4 0.0002234364
-2.2 -3.4 0.0000760204
-2.0 -3.4 0.0000199347
-1.8 -3.4 0.0000040289
-1.6 -3.4 0.0000006276
-1.4 -3.4 0.0000000753
-1.2 -3.4 0.0000000070
-1.0 -3.4 0.0000000005
-0.8 -3.4 0.0000000000
-0.6 -3.4 0.0000000000
-0.4 -3.4 0.0000000000
-0.2 -3.4 0.0000000000
 0.0 -3.4 0.0000000000
 0.2 -3.4 0.0000000000
 0.4 -3.4 0.0000000000
 0.6 -3.4 0.0000000000
 0.8 -3.4 0.0000000000
 1.0 -3.4 0.0000000000
 1.2 -3.4 0.0000000000
 1.4 -3.4 0.0000000000
 1.6 -3.4 0.0000000000
 1.8 -3.4 0.0000000000
 2.0 -3.4 0.0000000000
 2.2 -3.4 0.0000000000
 2.4 -3.4 0.0000000000
 2.6 -3.4 0.0000000000
 2.8 -3.4 0.0000000000
 3.0 -3.4 0.0000000000
 3.2 -3.4 0.0000000000
 3.4 -3.4 0.0000000000
 3.6 -3.4 0.0000000000
 3.8 -3.4 0.0000000000
 4.0 -3.4 0.0000000000
-4.0 -3.2 0.0000643499
-3.8 -3.2 0.0002234364
-3.6 -3.2 0.0005979469
-3.4 -3.2 0.0012333141
-3.2 -3.2 0.0019605923
-3.0 -3.2 0.0024021679
-2.8 -3.2 0.0022684118
-2.6 -3.2 0.0016509842
-2.4 -3.2 0.0009261182
-2.2 -3.2 0.0004003985
-2.0 -3.2 0.0001334200
-1.8 -3.2 0.0000342651
-1.6 -3.2 0.0000067824
-1.4 -3.2 0.0000010347
-1.2 -3.2 0.0000001217
-1.0 -3.2 0.0000000110
-0.8 -3.2 0.0000000008
-0.6 -3.2 0.0000000000
-0.4 -3.2 0.0000000000
-0.2 -3.2 0.0000000000
 0.0 -3.2 0.0000000000
 0.2 -3.2 0.0000000000
 0.4 -3.2 0.0000000000
 0.6 -3.2 0.0000000000
 0.8 -3.2 0.0000000000
 1.0 -3.2 0.0000000000
 1.2 -3.2 0.0000000000
 1.4 -3.2 0.0000000000
 1.6 -3.2 0.0000000000
 1.8 -3.2 0.0000000000
 2.0 -3.2 0.0000000000
 2.2 -3.2 0.0000000000
 2.4 -3.2 0.0000000000
 2.6 -3.2 0.0000000000
 2.8 -3.2 0.0000000000
 3.0 -3.2 0.0000000000
 3.2 -3.2 0.0000000000
 3.4 -3.2 0.0000000000
 3.6 -3.2 0.0000000000
 3.8 -3.2 0.0000000000
 4.0 -3.2 0.0000000000
-4.0 -3.0 0.0000302388
-3.8 -3.0 0.0001334200
-3.6 -3.0 0.0004537109
-3.4 -3.0 0.0011891593
-3.2 -3.0 0.0024021679
-3.0 -3.0 0.0037399788
-2.8 -3.0 0.0044878404
-2.6 -3.0 0.0041505739
-2.4 -3.0 0.0029585667
-2.2 -3.0 0.0016253881
-2.0 -3.0 0.0006882326
-1.8 -3.0 0.0002246032
-1.6 -3.0 0.0000564936
-1.4 -3.0 0.0000109518
-1.2 -3.0 0.0000016363
-1.0 -3.0 0.0000001884
-0.8 -3.0 0.0000000167
-0.6 -3.0 0.0000000011
-0.4 -3.0 0.0000000001
-0.2 -3.0 0.0000000000
 0.0 -3.0 0.0000000000
 0.2 -3.0 0.0000000000
 0.4 -3.0 0.0000000000
 0.6 -3.0 0.0000000000
 0.8 -3.0 0.0000000000
 1.0 -3.0 0.0000000000
 1.2 -3.0 0.0000000000
 1.4 -3.0 0.0000000000
 1.6 -3.0 0.0000000000
 1.8 -3.0 0.0000000000
 2.0 -3.0 0.0000000000
 2.2 -3.0 0.0000000000
 2.4 -3.0 0.0000000000
 2.6 -3.0 0.0000000000
 2.8 -3.0 0.0000000000
 3.0 -3.0 0.0000000000
 3.2 -3.0 0.0000000000
 3.4 -3.0 0.0000000000
 3.6 -3.0 0.0000000000
 3.8 -3.0 0.0000000000
 4.0 -3.0 0.0000000000
-4.0 -2.8 0.0000109518
-3.8 -2.8 0.0000614031
-3.6 -2.8 0.0002653373
-3.4 -2.8 0.0008837082
-3.2 -2.8 0.0022684118
-3.0 -2.8 0.0044878404
-2.8 -2.8 0.0068431394
-2.6 -2.8 0.0080422182
-2.4 -2.8 0.0072844840
-2.2 -2.8 0.0050853894
-2.0 -2.8 0.0027362269
-1.8 -2.8 0.0011347038
-1.6 -2.8 0.0003626731
-1.4 -2.8 0.0000893410
-1.2 -2.8 0.0000169624
-1.0 -2.8 0.0000024822
-0.8 -2.8 0.0000002799
-0.6 -2.8 0.0000000243
-0.4 -2.8 0.0000000016
-0.2 -2.8 0.0000000001
 0.0 -2.8 0.0000000000
 0.2 -2.8 0.0000000000
 0.4 -2.8 0.0000000000
 0.6 -2.8 0.0000000000
 0.8 -2.8 0.0000000000
 1.0 -2.8 0.0000000000
 1.2 -2.8 0.0000000000
 1.4 -2.8 0.0000000000
 1.6 -2.8 0.0000000000
 1.8 -2.8 0.0000000000
 2.0 -2.8 0.0000000000
 2.2 -2.8 0.0000000000
 2.4 -2.8 0.0000000000
 2.6 -2.8 0.0000000000
 2.8 -2.8 0.0000000000
 3.0 -2.8 0.0000000000
 3.2 -2.8 0.0000000000
 3.4 -2.8 0.0000000000
 3.6 -2.8 0.0000000000
 3.8 -2.8 0.0000000000
 4.0 -2.8 0.0000000000
-4.0 -2.6 0.0000030571
-3.8 -2.6 0.0000217802
-3.6 -2.6 0.0001195969
-3.4 -2.6 0.0005061511
-3.2 -2.6 0.0016509842
-3.0 -2.6 0.0041505739
-2.8 -2.6 0.0080422182
-2.6 -2.6 0.0120100837
-2.4 -2.6 0.0138235216
-2.2 -2.6 0.0122629184
-2.0 -2.6 0.0083843897
-1.8 -2.6 0.0044182629
-1.6 -2.6 0.0017944614
-1.4 -2.6 0.0005617191
-1.2 -2.6 0.0001355210
-1.0 -2.6 0.0000251998
-0.8 -2.6 0.0000036115
-0.6 -2.6 0.0000003989
-0.4 -2.6 0.0000000340
-0.2 -2.6 0.0000000022
 0.0 -2.6 0.0000000001
 0.2 -2.6 0.0000000000
 0.4 -2.6 0.0000000000
 0.6 -2.6 0.0000000000
 0.8 -2.6 0.0000000000
 1.0 -2.6 0.0000000000
 1.2 -2.6 0.0000000000
 1.4 -2.6 0.0000000000
 1.6 -2.6 0.0000000000
 1.8 -2.6 0.0000000000
 2.0 -2.6 0.0000000000
 2.2 -2.6 0.0000000000
 2.4 -2.6 0.0000000000
 2.6 -2.6 0.0000000000
 2.8 -2.6 0.0000000000
 3.0 -2.6 0.0000000000
 3.2 -2.6 0.0000000000
 3.4 -2.6 0.0000000000
 3.6 -2.6 0.0000000000
 3.8 -2.6 0.0000000000
 4.0 -2.6 0.0000000000
-4.0 -2.4 0.0000006577
-3.8 -2.4 0.0000059544
-3.6 -2.4 0.0000415474
-3.4 -2.4 0.0002234364
-3.2 -2.4 0.0009261182
-3.0 -2.4 0.0029585667
-2.8 -2.4 0.0072844840
-2.6 -2.4 0.0138235216
-2.4 -2.4 0.0202181343
-2.2 -2.4 0.0227911342
-2.0 -2.4 0.0198012805
-1.8 -2.4 0.0132593762
-1.6 -2.4 0.0068431394
-1.4 -2.4 0.0027220128
-1.2 -2.4 0.0008345021
-1.0 -2.4 0.0001971819
-0.8 -2.4 0.0000359095
-0.6 -2.4 0.0000050403
-0.4 -2.4 0.0000005453
-0.2 -2.4 0.0000000455
 0.0 -2.4 0.0000000029
 0.2 -2.4 0.0000000001
 0.4 -2.4 0.0000000000
 0.6 -2.4 0.0000000000
 0.8 -2.4 0.0000000000
 1.0 -2.4 0.0000000000
 1.2 -2.4 0.0000000000
 1.4 -2.4 0.0000000000
 1.6 -2.4 0.0000000000
 1.8 -2.4 0.0000000000
 2.0 -2.4 0.0000000000
 2.2 -2.4 0.0000000000
 2.4 -2.4 0.0000000000
 2.6 -2.4 0.0000000000
 2.8 -2.4 0.0000000000
 3.0 -2.4 0.0000000000
 3.2 -2.4 0.0000000000
 3.4 -2.4 0.0000000000
 3.6 -2.4 0.0000000000
 3.8 -2.4 0.0000000000
 4.0 -2.4 0.0000000000
-4.0 -2.2 0.0000001091
-3.8 -2.2 0.0000012546
-3.6 -2.2 0.0000111242
-3.4 -2.2 0.0000760204
-3.2 -2.2 0.0004003985
-3.0 -2.2 0.0016253881
-2.8 -2.2 0.0050853894
-2.6 -2.2 0.0122629184
-2.4 -2.2 0.0227911342
-2.2 -2.2 0.0326467924
-2.0 -2.2 0.0360427214
-1.8 -2.2 0.0306688232
-1.6 -2.2 0.0201131053
-1.4 -2.2 0.0101663164
-1.2 -2.2 0.0039605053
-1.0 -2.2 0.0011891593
-0.8 -2.2 0.0002751896
-0.6 -2.2 0.0000490825
-0.4 -2.2 0.0000067472
-0.2 -2.2 0.0000007149
 0.0 -2.2 0.0000000584
 0.2 -2.2 0.0000000037
 0.4 -2.2 0.0000000002
 0.6 -2.2 0.0000000000
 0.8 -2.2 0.0000000000
 1.0 -2.2 0.0000000000
 1.2 -2.2 0.0000000000
 1.4 -2.2 0.0000000000
 1.6 -2.2 0.0000000000
 1.8 -2.2 0.0000000000
 2.0 -2.2 0.0000000000
 2.2 -2.2 0.0000000000
 2.4 -2.2 0.0000000000
 2.6 -2.2 0.0000000000
 2.8 -2.2 0.0000000000
 3.0 -2.2 0.0000000000
 3.2 -2.2 0.0000000000
 3.4 -2.2 0.0000000000
 3.6 -2.2 0.0000000000
 3.8 -2.2 0.0000000000
 4.0 -2.2 0.0000000000
-4.0 -2.0 0.0000000139
-3.8 -2.0 0.0000002037
-3.6 -2.0 0.0000022956
-3.4 -2.0 0.0000199347
-3.2 -2.0 0.0001334200
-3.0 -2.0 0.0006882326
-2.8 -2.0 0.0027362269
-2.6 -2.0 0.0083843897
-2.4 -2.0 0.0198012805
-2.2 -2.0 0.0360427214
-2.0 -2.0 0.0505643412
-1.8 -2.0 0.0546730887
-1.6 -2.0 0.0455622691
-1.4 -2.0 0.0292643956
-1.2 -2.0 0.0144869263
-1.0 -2.0 0.0055273304
-0.8 -2.0 0.0016253881
-0.6 -2.0 0.0003683844
-0.4 -2.0 0.0000643499
-0.2 -2.0 0.0000086636
 0.0 -2.0 0.0000008990
 0.2 -2.0 0.0000000719
 0.4 -2.0 0.0000000044
 0.6 -2.0 0.0000000002
 0.8 -2.0 0.0000000000
 1.0 -2.0 0.0000000000
 1.2 -2.0 0.0000000000
 1.4 -2.0 0.0000000000
 1.6 -2.0 0.0000000000
 1.8 -2.0 0.0000000000
 2.0 -2.0 0.0000000000
 2.2 -2.0 0.0000000000
 2.4 -2.0 0.0000000000
 2.6 -2.0 0.0000000000
 2.8 -2.0 0.0000000000
 3.0 -2.0 0.0000000000
 3.2 -2.0 0.0000000000
 3.4 -2.0 0.0000000000
 3.6 -2.0 0.0000000000
 3.8 -2.0 0.0000000000
 4.0 -2.0 0.0000000000
-4.0 -1.8 0.0000000014
-3.8 -1.8 0.0000000255
-3.6 -1.8 0.0000003651
-3.4 -1.8 0.0000040289
-3.2 -1.8 0.0000342651
-3.0 -1.8 0.0002246032
-2.8 -1.8 0.0011347038
-2.6 -1.8 0.0044182629
-2.4 -1.8 0.0132593762
-2.2 -1.8 0.0306688232
-2.0 -1.8 0.0546730887
-1.8 -1.8 0.0751194822
-1.6 -1.8 0.0795488747
-1.4 -1.8 0.0649258993
-1.2 -1.8 0.0408417541
-1.0 -1.8 0.0198012805
-0.8 -1.8 0.0073991979
-0.6 -1.8 0.0021309757
-0.4 -1.8 0.0004730149
-0.2 -1.8 0.0000809233
 0.0 -1.8 0.0000106703
 0.2 -1.8 0.0000010844
 0.4 -1.8 0.0000000849
 0.6 -1.8 0.0000000051
 0.8 -1.8 0.0000000002
 1.0 -1.8 0.0000000000
 1.2 -1.8 0.0000000000
 1.4 -1.8 0.0000000000
 1.6 -1.8 0.0000000000
 1.8 -1.8 0.0000000000
 2.0 -1.8 0.0000000000
 2.2 -1.8 0.0000000000
 2.4 -1.8 0.0000000000
 2.6 -1.8 0.0000000000
 2.8 -1.8 0.0000000000
 3.0 -1.8 0.0000000000
 3.2 -1.8 0.0000000000
 3.4 -1.8 0.0000000000
 3.6 -1.8 0.0000000000
 3.8 -1.8 0.0000000000
 4.0 -1.8 0.0000000000
-4.0 -1.6 0.0000000001
-3.8 -1.6 0.0000000025
-3.6 -1.6 0.0000000448
-3.4 -1.6 0.0000006276
-3.2 -1.6 0.0000067824
-3.0 -1.6 0.0000564936
-2.8 -1.6 0.0003626731
-2.6 -1.6 0.0017944614
-2.4 -1.6 0.0068431394
-2.2 -1.6 0.0201131053
-2.0 -1.6 0.0455622691
-1.8 -1.6 0.0795488747
-1.6 -1.6 0.1070447111
-1.4 -1.6 0.1110193979
-1.2 -1.6 0.0887431825
-1.0 -1.6 0.0546730887
-0.8 -1.6 0.0259605984
-0.6 -1.6 0.0095007582
-0.4 -1.6 0.0026798119
-0.2 -1.6 0.0005825763
 0.0 -1.6 0.0000976121
 0.2 -1.6 0.0000126054
 0.4 -1.6 0.0000012546
 0.6 -1.6 0.0000000962
 0.8 -1.6 0.0000000057
 1.0 -1.6 0.0000000003
 1.2 -1.6 0.0000000000
 1.4 -1.6 0.0000000000
 1.6 -1.6 0.0000000000
 1.8 -1.6 0.0000000000
 2.0 -1.6 0.0000000000
 2.2 -1.6 0.0000000000
 2.4 -1.6 0.0000000000
 2.6 -1.6 0.0000000000
 2.8 -1.6 0.0000000000
 3.0 -1.6 0.0000000000
 3.2 -1.6 0.0000000000
 3.4 -1.6 0.0000000000
 3.6 -1.6 0.0000000000
 3.8 -1.6 0.0000000000
 4.0 -1.6 0.0000000000
-4.0 -1.4 0.0000000000
-3.8 -1.4 0.0000000002
-3.6 -1.4 0.0000000042
-3.4 -1.4 0.0000000753
-3.2 -1.4 0.0000010347
-3.0 -1.4 0.0000109518
-2.8 -1.4 0.0000893410
-2.6 -1.4 0.0005617191
-2.4 -1.4 0.0027220128
-2.2 -1.4 0.0101663164
-2.0 -1.4 0.0292643956
-1.8 -1.4 0.0649258993
-1.6 -1.4 0.1110193979
-1.4 -1.4 0.1463127726
-1.2 -1.4 0.1486168635
-1.0 -1.4 0.1163473300
-0.8 -1.4 0.0702016355
-0.6 -1.4 0.0326467924
-0.4 -1.4 0.0117013584
-0.2 -1.4 0.0032324702
 0.0 -1.4 0.0006882326
 0.2 -1.4 0.0001129376
 0.4 -1.4 0.0000142838
 0.6 -1.4 0.0000013924
 0.8 -1.4 0.0000001046
 1.0 -1.4 0.0000000061
 1.2 -1.4 0.0000000003
 1.4 -1.4 0.0000000000
 1.6 -1.4 0.0000000000
 1.8 -1.4 0.0000000000
 2.0 -1.4 0.0000000000
 2.2 -1.4 0.0000000000
 2.4 -1.4 0.0000000000
 2.6 -1.4 0.0000000000
 2.8 -1.4 0.0000000000
 3.0 -1.4 0.0000000000
 3.2 -1.4 0.0000000000
 3.4 -1.4 0.0000000000
 3.6 -1.4 0.0000000000
 3.8 -1.4 0.0000000000
 4.0 -1.4 0.0000000000
-4.0 -1.2 0.0000000000
-3.8 -1.2 0.0000000000
-3.6 -1.2 0.0000000003
-3.4 -1.2 0.0000000070
-3.2 -1.2 0.0000001217
-3.0 -1.2 0.0000016363
-2.8 -1.2 0.0000169624
-2.6 -1.2 0.0001355210
-2.4 -1.2 0.0008345021
-2.2 -1.2 0.0039605053
-2.0 -1.2 0.0144869263
-1.8 -1.2 0.0408417541
-1.6 -1.2 0.0887431825
-1.4 -1.2 0.1486168635
-1.2 -1.2 0.1918243178
-1.0 -1.2 0.1908278301
-0.8 -1.2 0.1463127726
-0.6 -1.2 0.0864619940
-0.4 -1.2 0.0393795485
-0.2 -1.2 0.0138235216
 0.0 -1.2 0.0037399788
 0.2 -1.2 0.0007798697
 0.4 -1.2 0.0001253365
 0.6 -1.2 0.0000155251
 0.8 -1.2 0.0000014822
 1.0 -1.2 0.0000001091
 1.2 -1.2 0.0000000062
 1.4 -1.2 0.0000000003
 1.6 -1.2 0.0000000000
 1.8 -1.2 0.0000000000
 2.0 -1.2 0.0000000000
 2.2 -1.2 0.0000000000
 2.4 -1.2 0.0000000000
 2.6 -1.2 0.0000000000
 2.8 -1.2 0.0000000000
 3.0 -1.2 0.0000000000
 3.2 -1.2 0.0000000000
 3.4 -1.2 0.0000000000
 3.6 -1.2 0.0000000000
 3.8 -1.2 0.0000000000
 4.0 -1.2 0.0000000000
-4.0 -1.0 0.0000000000
-3.8 -1.0 0.0000000000
-3.6 -1.0 0.0000000000
-3.4 -1.0 0.0000000005
-3.2 -1.0 0.0000000110
-3.0 -1.0 0.0000001884
-2.8 -1.0 0.0000024822
-2.6 -1.0 0.0000251998
-2.4 -1.0 0.0001971819
-2.2 -1.0 0.0011891593
-2.0 -1.0 0.0055273304
-1.8 -1.0 0.0198012805
-1.6 -1.0 0.0546730887
-1.4 -1.0 0.1163473300
-1.2 -1.0 0.1908278301
-1.0 -1.0 0.2412289804
-0.8 -1.0 0.2350280672
-0.6 -1.0 0.1764868922
-0.4 -1.0 0.1021427769
-0.2 -1.0 0.0455622691
 0.0 -1.0 0.0156641022
 0.2 -1.0 0.0041505739
 0.4 -1.0 0.0008476436
 0.6 -1.0 0.0001334200
 0.8 -1.0 0.0000161857
 1.0 -1.0 0.0000015134
 1.2 -1.0 0.0000001091
 1.4 -1.0 0.0000000061
 1.6 -1.0 0.0000000003
 1.8 -1.0 0.0000000000
 2.0 -1.0 0.0000000000
 2.2 -1.0 0.0000000000
 2.4 -1.0 0.0000000000
 2.6 -1.0 0.0000000000
 2.8 -1.0 0.0000000000
 3.0 -1.0 0.0000000000
 3.2 -1.0 0.0000000000
 3.4 -1.0 0.0000000000
 3.6 -1.0 0.0000000000
 3.8 -1.0 0.0000000000
 4.0 -1.0 0.0000000000
-4.0 -0.8 0.0000000000
-3.8 -0.8 0.0000000000
-3.6 -0.8 0.0000000000
-3.4 -0.8 0.0000000000
-3.2 -0.8 0.0000000008
-3.0 -0.8 0.0000000167
-2.8 -0.8 0.0000002799
-2.6 -0.8 0.0000036115
-2.4 -0.8 0.0000359095
-2.2 -0.8 0.0002751896
-2.0 -0.8 0.0016253881
-1.8 -0.8 0.0073991979
-1.6 -0.8 0.0259605984
-1.4 -0.8 0.0702016355
-1.2 -0.8 0.1463127726
-1.0 -0.8 0.2350280672
-0.8 -0.8 0.2909776931
-0.6 -0.8 0.2776528544
-0.4 -0.8 0.2041959234
-0.2 -0.8 0.1157429297
 0.0 -0.8 0.0505643412
 0.2 -0.8 0.0170253761
 0.4 -0.8 0.0044182629
 0.6 -0.8 0.0008837082
 0.8 -0.8 0.0001362287
 1.0 -0.8 0.0000161857
 1.2 -0.8 0.0000014822
 1.4 -0.8 0.0000001046
 1.6 -0.8 0.0000000057
 1.8 -0.8 0.0000000002
 2.0 -0.8 0.0000000000
 2.2 -0.8 0.0000000000
 2.4 -0.8 0.0000000000
 2.6 -0.8 0.0000000000
 2.8 -0.8 0.0000000000
 3.0 -0.8 0.0000000000
 3.2 -0.8 0.0000000000
 3.4 -0.8 0.0000000000
 3.6 -0.8 0.0000000000
 3.8 -0.8 0.0000000000
 4.0 -0.8 0.0000000000
-4.0 -0.6 0.0000000000
-3.8 -0.6 0.0000000000
-3.6 -0.6 0.0000000000
-3.4 -0.6 0.0000000000
-3.2 -0.6 0.0000000000
-3.0 -0.6 0.0000000011
-2.8 -0.6 0.0000000243
-2.6 -0.6 0.0000003989
-2.4 -0.6 0.0000050403
-2.2 -0.6 0.0000490825
-2.0 -0.6 0.0003683844
-1.8 -0.6 0.0021309757
-1.6 -0.6 0.0095007582
-1.4 -0.6 0.0326467924
-1.2 -0.6 0.0864619940
-1.0 -0.6 0.1764868922
-0.8 -0.6 0.2776528544
-0.6 -0.6 0.3366621623
-0.4 -0.6 0.3146219025
-0.2 -0.6 0.2266136553
 0.0 -0.6 0.1258014590
 0.2 -0.6 0.0538254610
 0.4 -0.6 0.0177497531
 0.6 -0.6 0.0045112756
 0.8 -0.6 0.0008837082
 1.0 -0.6 0.0001334200
 1.2 -0.6 0.0000155251
 1.4 -0.6 0.0000013924
 1.6 -0.6 0.0000000962
 1.8 -0.6 0.0000000051
 2.0 -0.6 0.0000000002
 2.2 -0.6 0.0000000000
 2.4 -0.6 0.0000000000
 2.6 -0.6 0.0000000000
 2.8 -0.6 0.0000000000
 3.0 -0.6 0.0000000000
 3.2 -0.6 0.0000000000
 3.4 -0.6 0.0000000000
 3.6 -0.6 0.0000000000
 3.8 -0.6 0.0000000000
 4.0 -0.6 0.0000000000
-4.0 -0.4 0.0000000000
-3.8 -0.4 0.0000000000
-3.6 -0.4 0.0000000000
-3.4 -0.4 0.0000000000
-3.2 -0.4 0.0000000000
-3.0 -0.4 0.0000000001
-2.8 -0.4 0.0000000016
-2.6 -0.4 0.0000000340
-2.4 -0.4 0.0000005453
-2.2 -0.4 0.0000067472
-2.0 -0.4 0.0000643499
-1.8 -0.4 0.0004730149
-1.6 -0.4 0.0026798119
-1.4 -0.4 0.0117013584
-1.2 -0.4 0.0393795485
-1.0 -0.4 0.1021427769
-0.8 -0.4 0.2041959234
-0.6 -0.4 0.3146219025
-0.4 -0.4 0.3736227537
-0.2 -0.4 0.3419638199
 0.0 -0.4 0.2412289804
 0.2 -0.4 0.1311539217
 0.4 -0.4 0.0549585872
 0.6 -0.4 0.0177497531
 0.8 -0.4 0.0044182629
 1.0 -0.4 0.0008476436
 1.2 -0.4 0.0001253365
 1.4 -0.4 0.0000142838
 1.6 -0.4 0.0000012546
 1.8 -0.4 0.0000000849
 2.0 -0.4 0.0000000044
 2.2 -0.4 0.0000000002
 2.4 -0.4 0.0000000000
 2.6 -0.4 0.0000000000
 2.8 -0.4 0.0000000000
 3.0 -0.4 0.0000000000
 3.2 -0.4 0.0000000000
 3.4 -0.4 0.0000000000
 3.6 -0.4 0.0000000000
 3.8 -0.4 0.0000000000
 4.0 -0.4 0.0000000000
-4.0 -0.2 0.0000000000
-3.8 -0.2 0.0000000000
-3.6 -0.2 0.0000000000
-3.4 -0.2 0.0000000000
-3.2 -0.2 0.0000000000
-3.0 -0.2 0.0000000000
-2.8 -0.2 0.0000000001
-2.6 -0.2 0.0000000022
-2.4 -0.2 0.0000000455
-2.2 -0.2 0.0000007149
-2.0 -0.2 0.0000086636
-1.8 -0.2 0.0000809233
-1.6 -0.2 0.0005825763
-1.4 -0.2 0.0032324702
-1.2 -0.2 0.0138235216
-1.0 -0.2 0.0455622691
-0.8 -0.2 0.1157429297
-0.6 -0.2 0.2266136553
-0.4 -0.2 0.3419638199
-0.2 -0.2 0.3977193510
 0.0 -0.2 0.3565133221
 0.2 -0.2 0.2463072996
 0.4 -0.2 0.1311539217
 0.6 -0.2 0.0538254610
 0.8 -0.2 0.0170253761
 1.0 -0.2 0.0041505739
 1.2 -0.2 0.0007798697
 1.4 -0.2 0.0001129376
 1.6 -0.2 0.0000126054
 1.8 -0.2 0.0000010844
 2.0 -0.2 0.0000000719
 2.2 -0.2 0.0000000037
 2.4 -0.2 0.0000000001
 2.6 -0.2 0.0000000000
 2.8 -0.2 0.0000000000
 3.0 -0.2 0.0000000000
 3.2 -0.2 0.0000000000
 3.4 -0.2 0.0000000000
 3.6 -0.2 0.0000000000
 3.8 -0.2 0.0000000000
 4.0 -0.2 0.0000000000
-4.0  0.0 0.0000000000
-3.8  0.0 0.0000000000
-3.6  0.0 0.0000000000
-3.4  0.0 0.0000000000
-3.2  0.0 0.0000000000
-3.0  0.0 0.0000000000
-2.8  0.0 0.0000000000
-2.6  0.0 0.0000000001
-2.4  0.0 0.0000000029
-2.2  0.0 0.0000000584
-2.0  0.0 0.0000008990
-1.8  0.0 0.0000106703
-1.6  0.0 0.0000976121
-1.4  0.0 0.0006882326
-1.2  0.0 0.0037399788
-1.0  0.0 0.0156641022
-0.8  0.0 0.0505643412
-0.6  0.0 0.1258014590
-0.4  0.0 0.2412289804
-0.2  0.0 0.3565133221
 0.0  0.0 0.4060920840
 0.2  0.0 0.3565133221
 0.4  0.0 0.2412289804
 0.6  0.0 0.1258014590
 0.8  0.0 0.0505643412
 1.0  0.0 0.0156641022
 1.2  0.0 0.0037399788
 1.4  0.0 0.0006882326
 1.6  0.0 0.0000976121
 1.8  0.0 0.0000106703
 2.0  0.0 0.0000008990
 2.2  0.0 0.0000000584
 2.4  0.0 0.0000000029
 2.6  0.0 0.0000000001
 2.8  0.0 0.0000000000
 3.0  0.0 0.0000000000
 3.2  0.0 0.0000000000
 3.4  0.0 0.0000000000
 3.6  0.0 0.0000000000
 3.8  0.0 0.0000000000
 4.0  0.0 0.0000000000
-4.0  0.2 0.0000000000
-3.8  0.2 0.0000000000
-3.6  0.2 0.0000000000
-3.4  0.2 0.0000000000
-3.2  0.2 0.0000000000
-3.0  0.2 0.0000000000
-2.8  0.2 0.0000000000
-2.6  0.2 0.0000000000
-2.4  0.2 0.0000000001
-2.2  0.2 0.0000000037
-2.0  0.2 0.0000000719
-1.8  0.2 0.0000010844
-1.6  0.2 0.0000126054
-1.4  0.2 0.0001129376
-1.2  0.2 0.0007798697
-1.0  0.2 0.0041505739
-0.8  0.2 0.0170253761
-0.6  0.2 0.0538254610
-0.4  0.2 0.1311539217
-0.2  0.2 0.2463072996
 0.0  0.2 0.3565133221
 0.2  0.2 0.3977193510
 0.4  0.2 0.3419638199
 0.6  0.2 0.2266136553
 0.8  0.2 0.1157429297
 1.0  0.2 0.0455622691
 1.2  0.2 0.0138235216
 1.4  0.2 0.0032324702
 1.6  0.2 0.0005825763
 1.8  0.2 0.0000809233
 2.0  0.2 0.0000086636
 2.2  0.2 0.0000007149
 2.4  0.2 0.0000000455
 2.6  0.2 0.0000000022
 2.8  0.2 0.0000000001
 3.0  0.2 0.0000000000
 3.2  0.2 0.0000000000
 3.4  0.2 0.0000000000
 3.6  0.2 0.0000000000
 3.8  0.2 0.0000000000
 4.0  0.2 0.0000000000
-4.0  0.4 0.0000000000
-3.8  0.4 0.0000000000
-3.6  0.4 0.0000000000
-3.4  0.4 0.0000000000
-3.2  0.4 0.0000000000
-3.0  0.4 0.0000000000
-2.8  0.4 0.0000000000
-2.6  0.4 0.0000000000
-2.4  0.4 0.0000000000
-2.2  0.4 0.0000000002
-2.0  0.4 0.0000000044
-1.8  0.4 0.0000000849
-1.6  0.4 0.0000012546
-1.4  0.4 0.0000142838
-1.2  0.4 0.0001253365
-1.0  0.4 0.0008476436
-0.8  0.4 0.0044182629
-0.6  0.4 0.0177497531
-0.4  0.4 0.0549585872
-0.2  0.4 0.1311539217
 0.0  0.4 0.2412289804
 0.2  0.4 0.3419638199
 0.4  0.4 0.3736227537
 0.6  0.4 0.3146219025
 0.8  0.4 0.2041959234
 1.0  0.4 0.1021427769
 1.2  0.4 0.0393795485
 1.4  0.4 0.0117013584
 1.6  0.4 0.0026798119
 1.8  0.4 0.0004730149
 2.0  0.4 0.0000643499
 2.2  0.4 0.0000067472
 2.4  0.4 0.0000005453
 2.6  0.4 0.0000000340
 2.8  0.4 0.0000000016
 3.0  0.4 0.0000000001
 3.2  0.4 0.0000000000
 3.4  0.4 0.0000000000
 3.6  0.4 0.0000000000
 3.8  0.4 0.0000000000
 4.0  0.4 0.0000000000
-4.0  0.6 0.0000000000
-3.8  0.6 0.0000000000
-3.6  0.6 0.0000000000
-3.4  0.6 0.0000000000
-3.2  0.6 0.0000000000
-3.0  0.6 0.0000000000
-2.8  0.6 0.0000000000
-2.6  0.6 0.0000000000
-2.4  0.6 0.0000000000
-2.2  0.6 0.0000000000
-2.0  0.6 0.0000000002
-1.8  0.6 0.0000000051
-1.6  0.6 0.0000000962
-1.4  0.6 0.0000013924
-1.2  0.6 0.0000155251
-1.0  0.6 0.0001334200
-0.8  0.6 0.0008837082
-0.6  0.6 0.0045112756
-0.4  0.6 0.0177497531
-0.2  0.6 0.0538254610
 0.0  0.6 0.1258014590
 0.2  0.6 0.2266136553
 0.4  0.6 0.3146219025
 0.6  0.6 0.3366621623
 0.8  0.6 0.2776528544
 1.0  0.6 0.1764868922
 1.2  0.6 0.0864619940
 1.4  0.6 0.0326467924
 1.6  0.6 0.0095007582
 1.8  0.6 0.0021309757
 2.0  0.6 0.0003683844
 2.2  0.6 0.0000490825
 2.4  0.6 0.0000050403
 2.6  0.6 0.0000003989
 2.8  0.6 0.0000000243
 3.0  0.6 0.0000000011
 3.2  0.6 0.0000000000
 3.4  0.6 0.0000000000
 3.6  0.6 0.0000000000
 3.8  0.6 0.0000000000
 4.0  0.6 0.0000000000
-4.0  0.8 0.0000000000
-3.8  0.8 0.0000000000
-3.6  0.8 0.0000000000
-3.4  0.8 0.0000000000
-3.2  0.8 0.0000000000
-3.0  0.8 0.0000000000
-2.8  0.8 0.0000000000
-2.6  0.8 0.0000000000
-2.4  0.8 0.0000000000
-2.2  0.8 0.0000000000
-2.0  0.8 0.0000000000
-1.8  0.8 0.0000000002
-1.6  0.8 0.0000000057
-1.4  0.8 0.0000001046
-1.2  0.8 0.0000014822
-1.0  0.8 0.0000161857
-0.8  0.8 0.0001362287
-0.6  0.8 0.0008837082
-0.4  0.8 0.0044182629
-0.2  0.8 0.0170253761
 0.0  0.8 0.0505643412
 0.2  0.8 0.1157429297
 0.4  0.8 0.2041959234
 0.6  0.8 0.2776528544
 0.8  0.8 0.2909776931
 1.0  0.8 0.2350280672
 1.2  0.8 0.1463127726
 1.4  0.8 0.0702016355
 1.6  0.8 0.0259605984
 1.8  0.8 0.0073991979
 2.0  0.8 0.0016253881
 2.2  0.8 0.0002751896
 2.4  0.8 0.0000359095
 2.6  0.8 0.0000036115
 2.8  0.8 0.0000002799
 3.0  0.8 0.0000000167
 3.2  0.8 0.0000000008
 3.4  0.8 0.0000000000
 3.6  0.8 0.0000000000
 3.8  0.8 0.0000000000
 4.0  0.8 0.0000000000
-4.0  1.0 0.0000000000
-3.8  1.0 0.0000000000
-3.6  1.0 0.0000000000
-3.4  1.0 0.0000000000
-3.2  1.0 0.0000000000
-3.0  1.0 0.0000000000
-2.8  1.0 0.0000000000
-2.6  1.0 0.0000000000
-2.4  1.0 0.0000000000
-2.2  1.0 0.0000000000
-2.0  1.0 0.0000000000
-1.8  1.0 0.0000000000
-1.6  1.0 0.0000000003
-1.4  1.0 0.0000000061
-1.2  1.0 0.0000001091
-1.0  1.0 0.0000015134
-0.8  1.0 0.0000161857
-0.6  1.0 0.0001334200
-0.4  1.0 0.0008476436
-0.2  1.0 0.0041505739
 0.0  1.0 0.0156641022
 0.2  1.0 0.0455622691
 0.4  1.0 0.1021427769
 0.6  1.0 0.1764868922
 0.8  1.0 0.2350280672
 1.0  1.0 0.2412289804
 1.2  1.0 0.1908278301
 1.4  1.0 0.1163473300
 1.6  1.0 0.0546730887
 1.8  1.0 0.0198012805
 2.0  1.0 0.0055273304
 2.2  1.0 0.0011891593
 2.4  1.0 0.0001971819
 2.6  1.0 0.0000251998
 2.8  1.0 0.0000024822
 3.0  1.0 0.0000001884
 3.2  1.0 0.0000000110
 3.4  1.0 0.0000000005
 3.6  1.0 0.0000000000
 3.8  1.0 0.0000000000
 4.0  1.0 0.0000000000
-4.0  1.2 0.0000000000
-3.8  1.2 0.0000000000
-3.6  1.2 0.0000000000
-3.4  1.2 0.0000000000
-3.2  1.2 0.0000000000
-3.0  1.2 0.0000000000
-2.8  1.2 0.0000000000
-2.6  1.2 0.0000000000
-2.4  1.2 0.0000000000
-2.2  1.2 0.0000000000
-2.0  1.2 0.0000000000
-1.8  1.2 0.0000000000
-1.6  1.2 0.0000000000
-1.4  1.2 0.0000000003
-1.2  1.2 0.0000000062
-1.0  1.2 0.0000001091
-0.8  1.2 0.0000014822
-0.6  1.2 0.0000155251
-0.4  1.2 0.0001253365
-0.2  1.2 0.0007798697
 0.0  1.2 0.0037399788
 0.2  1.2 0.0138235216
 0.4  1.2 0.0393795485
 0.6  1.2 0.0864619940
 0.8  1.2 0.1463127726
 1.0  1.2 0.1908278301
 1.2  1.2 0.1918243178
 1.4  1.2 0.1486168635
 1.6  1.2 0.0887431825
 1.8  1.2 0.0408417541
 2.0  1.2 0.0144869263
 2.2  1.2 0.0039605053
 2.4  1.2 0.0008345021
 2.6  1.2 0.0001355210
 2.8  1.2 0.0000169624
 3.0  1.2 0.0000016363
 3.2  1.2 0.0000001217
 3.4  1.2 0.0000000070
 3.6  1.2 0.0000000003
 3.8  1.2 0.0000000000
 4.0  1.2 0.0000000000
-4.0  1.4 0.0000000000
-3.8  1.4 0.0000000000
-3.6  1.4 0.0000000000
-3.4  1.4 0.0000000000
-3.2  1.4 0.0000000000
-3.0  1.4 0.0000000000
-2.8  1.4 0.0000000000
-2.6  1.4 0.0000000000
-2.4  1.4 0.0000000000
-2.2  1.4 0.0000000000
-2.0  1.4 0.0000000000
-1.8  1.4 0.0000000000
-1.6  1.4 0.0000000000
-1.4  1.4 0.0000000000
-1.2  1.4 0.0000000003
-1.0  1.4 0.0000000061
-0.8  1.4 0.0000001046
-0.6  1.4 0.0000013924
-0.4  1.4 0.0000142838
-0.2  1.4 0.0001129376
 0.0  1.4 0.0006882326
 0.2  1.4 0.0032324702
 0.4  1.4 0.0117013584
 0.6  1.4 0.0326467924
 0.8  1.4 0.0702016355
 1.0  1.4 0.1163473300
 1.2  1.4 0.1486168635
 1.4  1.4 0.1463127726
 1.6  1.4 0.1110193979
 1.8  1.4 0.0649258993
 2.0  1.4 0.0292643956
 2.2  1.4 0.0101663164
 2.4  1.4 0.0027220128
 2.6  1.4 0.0005617191
 2.8  1.4 0.0000893410
 3.0  1.4 0.0000109518
 3.2  1.4 0.0000010347
 3.4  1.4 0.0000000753
 3.6  1.4 0.0000000042
 3.8  1.4 0.0000000002
 4.0  1.4 0.0000000000
-4.0  1.6 0.0000000000
-3.8  1.6 0.0000000000
-3.6  1.6 0.0000000000
-3.4  1.6 0.0000000000
-3.2  1.6 0.0000000000
-3.0  1.6 0.0000000000
-2.8  1.6 0.0000000000
-2.6  1.6 0.0000000000
-2.4  1.6 0.0000000000
-2.2  1.6 0.0000000000
-2.0  1.6 0.0000000000
-1.8  1.6 0.0000000000
-1.6  1.6 0.0000000000
-1.4  1.6 0.0000000000
-1.2  1.6 0.0000000000
-1.0  1.6 0.0000000003
-0.8  1.6 0.0000000057
-0.6  1.6 0.0000000962
-0.4  1.6 0.0000012546
-0.2  1.6 0.0000126054
 0.0  1.6 0.0000976121
 0.2  1.6 0.0005825763
 0.4  1.6 0.0026798119
 0.6  1.6 0.0095007582
 0.8  1.6 0.0259605984
 1.0  1.6 0.0546730887
 1.2  1.6 0.0887431825
 1.4  1.6 0.1110193979
 1.6  1.6 0.1070447111
 1.8  1.6 0.0795488747
 2.0  1.6 0.0455622691
 2.2  1.6 0.0201131053
 2.4  1.6 0.0068431394
 2.6  1.6 0.0017944614
 2.8  1.6 0.0003626731
 3.0  1.6 0.0000564936
 3.2  1.6 0.0000067824
 3.4  1.6 0.0000006276
 3.6  1.6 0.0000000448
 3.8  1.6 0.0000000025
 4.0  1.6 0.0000000001
-4.0  1.8 0.0000000000
-3.8  1.8 0.0000000000
-3.6  1.8 0.0000000000
-3.4  1.8 0.0000000000
-3.2  1.8 0.0000000000
-3.0  1.8 0.0000000000
-2.8  1.8 0.0000000000
-2.6  1.8 0.0000000000
-2.4  1.8 0.0000000000
-2.2  1.8 0.0000000000
-2.0  1.8 0.0000000000
-1.8  1.8 0.0000000000
-1.6  1.8 0.0000000000
-1.4  1.8 0.0000000000
-1.2  1.8 0.0000000000
-1.0  1.8 0.0000000000
-0.8  1.8 0.0000000002
-0.6  1.8 0.0000000051
-0.4  1.8 0.0000000849
-0.2  1.8 0.0000010844
 0.0  1.8 0.0000106703
 0.2  1.8 0.0000809233
 0.4  1.8 0.0004730149
 0.6  1.8 0.0021309757
 0.8  1.8 0.0073991979
 1.0  1.8 0.0198012805
 1.2  1.8 0.0408417541
 1.4  1.8 0.0649258993
 1.6  1.8 0.0795488747
 1.8  1.8 0.0751194822
 2.0  1.8 0.0546730887
 2.2  1.8 0.0306688232
 2.4  1.8 0.0132593762
 2.6  1.8 0.0044182629
 2.8  1.8 0.0011347038
 3.0  1.8 0.0002246032
 3.2  1.8 0.0000342651
 3.4  1.8 0.0000040289
 3.6  1.8 0.0000003651
 3.8  1.8 0.0000000255
 4.0  1.8 0.0000000014
-4.0  2.0 0.0000000000
-3.8  2.0 0.0000000000
-3.6  2.0 0.0000000000
-3.4  2.0 0.0000000000
-3.2  2.0 0.0000000000
-3.0  2.0 0.0000000000
-2.8  2.0 0.0000000000
-2.6  2.0 0.0000000000
-2.4  2.0 0.0000000000
-2.2  2.0 0.0000000000
-2.0  2.0 0.0000000000
-1.8  2.0 0.0000000000
-1.6  2.0 0.0000000000
-1.4  2.0 0.0000000000
-1.2  2.0 0.0000000000
-1.0  2.0 0.0000000000
-0.8  2.0 0.0000000000
-0.6  2.0 0.0000000002
-0.4  2.0 0.0000000044
-0.2  2.0 0.0000000719
 0.0  2.0 0.0000008990
 0.2  2.0 0.0000086636
 0.4  2.0 0.0000643499
 0.6  2.0 0.0003683844
 0.8  2.0 0.0016253881
 1.0  2.0 0.0055273304
 1.2  2.0 0.0144869263
 1.4  2.0 0.0292643956
 1.6  2.0 0.0455622691
 1.8  2.0 0.0546730887
 2.0  2.0 0.0505643412
 2.2  2.0 0.0360427214
 2.4  2.0 0.0198012805
 2.6  2.0 0.0083843897
 2.8  2.0 0.0027362269
 3.0  2.0 0.0006882326
 3.2  2.0 0.0001334200
 3.4  2.0 0.0000199347
 3.6  2.0 0.0000022956
 3.8  2.0 0.0000002037
 4.0  2.0 0.0000000139
-4.0  2.2 0.0000000000
-3.8  2.2 0.0000000000
-3.6  2.2 0.0000000000
-3.4  2.2 0.0000000000
-3.2  2.2 0.0000000000
-3.0  2.2 0.0000000000
-2.8  2.2 0.0000000000
-2.6  2.2 0.0000000000
-2.4  2.2 0.0000000000
-2.2  2.2 0.0000000000
-2.0  2.2 0.0000000000
-1.8  2.2 0.0000000000
-1.6  2.2 0.0000000000
-1.4  2.2 0.0000000000
-1.2  2.2 0.0000000000
-1.0  2.2 0.0000000000
-0.8  2.2 0.0000000000
-0.6  2.2 0.0000000000
-0.4  2.2 0.0000000002
-0.2  2.2 0.0000000037
 0.0  2.2 0.0000000584
 0.2  2.2 0.0000007149
 0.4  2.2 0.0000067472
 0.6  2.2 0.0000490825
 0.8  2.2 0.0002751896
 1.0  2.2 0.0011891593
 1.2  2.2 0.0039605053
 1.4  2.2 0.0101663164
 1.6  2.2 0.0201131053
 1.8  2.2 0.0306688232
 2.0  2.2 0.0360427214
 2.2  2.2 0.0326467924
 2.4  2.2 0.0227911342
 2.6  2.2 0.0122629184
 2.8  2.2 0.0050853894
 3.0  2.2 0.0016253881
 3.2  2.2 0.0004003985
 3.4  2.2 0.0000760204
 3.6  2.2 0.0000111242
 3.8  2.2 0.0000012546
 4.0  2.2 0.0000001091
-4.0  2.4 0.0000000000
-3.8  2.4 0.0000000000
-3.6  2.4 0.0000000000
-3.4  2.4 0.0000000000
-3.2  2.4 0.0000000000
-3.0  2.4 0.0000000000
-2.8  2.4 0.0000000000
-2.6  2.4 0.0000000000
-2.4  2.4 0.0000000000
-2.2  2.4 0.0000000000
-2.0  2.4 0.0000000000
-1.8  2.4 0.0000000000
-1.6  2.4 0.0000000000
-1.4  2.4 0.0000000000
-1.2  2.4 0.0000000000
-1.0  2.4 0.0000000000
-0.8  2.4 0.0000000000
-0.6  2.4 0.0000000000
-0.4  2.4 0.0000000000
-0.2  2.4 0.0000000001
 0.0  2.4 0.0000000029
 0.2  2.4 0.0000000455
 0.4  2.4 0.0000005453
 0.6  2.4 0.0000050403
 0.8  2.4 0.0000359095
 1.0  2.4 0.0001971819
 1.2  2.4 0.0008345021
 1.4  2.4 0.0027220128
 1.6  2.4 0.0068431394
 1.8  2.4 0.0132593762
 2.0  2.4 0.0198012805
 2.2  2.4 0.0227911342
 2.4  2.4 0.0202181343
 2.6  2.4 0.0138235216
 2.8  2.4 0.0072844840
 3.0  2.4 0.0029585667
 3.2  2.4 0.0009261182
 3.4  2.4 0.0002234364
 3.6  2.4 0.0000415474
 3.8  2.4 0.0000059544
 4.0  2.4 0.0000006577
-4.0  2.6 0.0000000000
-3.8  2.6 0.0000000000
-3.6  2.6 0.0000000000
-3.4  2.6 0.0000000000
-3.2  2.6 0.0000000000
-3.0  2.6 0.0000000000
-2.8  2.6 0.0000000000
-2.6  2.6 0.0000000000
-2.4  2.6 0.0000000000
-2.2  2.6 0.0000000000
-2.0  2.6 0.0000000000
-1.8  2.6 0.0000000000
-1.6  2.6 0.0000000000
-1.4  2.6 0.0000000000
-1.2  2.6 0.0000000000
-1.0  2.6 0.0000000000
-0.8  2.6 0.0000000000
-0.6  2.6 0.0000000000
-0.4  2.6 0.0000000000
-0.2  2.6 0.0000000000
 0.0  2.6 0.0000000001
 0.2  2.6 0.0000000022
 0.4  2.6 0.0000000340
 0.6  2.6 0.0000003989
 0.8  2.6 0.0000036115
 1.0  2.6 0.0000251998
 1.2  2.6 0.0001355210
 1.4  2.6 0.0005617191
 1.6  2.6 0.0017944614
 1.8  2.6 0.0044182629
 2.0  2.6 0.0083843897
 2.2  2.6 0.0122629184
 2.4  2.6 0.0138235216
 2.6  2.6 0.0120100837
 2.8  2.6 0.0080422182
 3.0  2.6 0.0041505739
 3.2  2.6 0.0016509842
 3.4  2.6 0.0005061511
 3.6  2.6 0.0001195969
 3.8  2.6 0.0000217802
 4.0  2.6 0.0000030571
-4.0  2.8 0.0000000000
-3.8  2.8 0.0000000000
-3.6  2.8 0.0000000000
-3.4  2.8 0.0000000000
-3.2  2.8 0.0000000000
-3.0  2.8 0.0000000000
-2.8  2.8 0.0000000000
-2.6  2.8 0.0000000000
-2.4  2.8 0.0000000000
-2.2  2.8 0.0000000000
-2.0  2.8 0.0000000000
-1.8  2.8 0.0000000000
-1.6  2.8 0.0000000000
-1.4  2.8 0.0000000000
-1.2  2.8 0.0000000000
-1.0  2.8 0.0000000000
-0.8  2.8 0.0000000000
-0.6  2.8 0.0000000000
-0.4  2.8 0.0000000000
-0.2  2.8 0.0000000000
 0.0  2.8 0.0000000000
 0.2  2.8 0.0000000001
 0.4  2.8 0.0000000016
 0.6  2.8 0.0000000243
 0.8  2.8 0.0000002799
 1.0  2.8 0.0000024822
 1.2  2.8 0.0000169624
 1.4  2.8 0.0000893410
 1.6  2.8 0.0003626731
 1.8  2.8 0.0011347038
 2.0  2.8 0.0027362269
 2.2  2.8 0.0050853894
 2.4  2.8 0.0072844840
 2.6  2.8 0.0080422182
 2.8  2.8 0.0068431394
 3.0  2.8 0.0044878404
 3.2  2.8 0.0022684118
 3.4  2.8 0.0008837082
 3.6  2.8 0.0002653373
 3.8  2.8 0.0000614031
 4.0  2.8 0.0000109518
-4.0  3.0 0.0000000000
-3.8  3.0 0.0000000000
-3.6  3.0 0.0000000000
-3.4  3.0 0.0000000000
-3.2  3.0 0.0000000000
-3.0  3.0 0.0000000000
-2.8  3.0 0.0000000000
-2.6  3.0 0.0000000000
-2.4  3.0 0.0000000000
-2.2  3.0 0.0000000000
-2.0  3.0 0.0000000000
-1.8  3.0 0.0000000000
-1.6  3.0 0.0000000000
-1.4  3.0 0.0000000000
-1.2  3.0 0.0000000000
-1.0  3.0 0.0000000000
-0.8  3.0 0.0000000000
-0.6  3.0 0.0000000000
-0.4  3.0 0.0000000000
-0.2  3.0 0.0000000000
 0.0  3.0 0.0000000000
 0.2  3.0 0.0000000000
 0.4  3.0 0.0000000001
 0.6  3.0 0.0000000011
 0.8  3.0 0.0000000167
 1.0  3.0 0.0000001884
 1.2  3.0 0.0000016363
 1.4  3.0 0.0000109518
 1.6  3.0 0.0000564936
 1.8  3.0 0.0002246032
 2.0  3.0 0.0006882326
 2.2  3.0 0.0016253881
 2.4  3.0 0.0029585667
 2.6  3.0 0.0041505739
 2.8  3.0 0.0044878404
 3.0  3.0 0.0037399788
 3.2  3.0 0.0024021679
 3.4  3.0 0.0011891593
 3.6  3.0 0.0004537109
 3.8  3.0 0.0001334200
 4.0  3.0 0.0000302388
-4.0  3.2 0.0000000000
-3.8  3.2 0.0000000000
-3.6  3.2 0.0000000000
-3.4  3.2 0.0000000000
-3.2  3.2 0.0000000000
-3.0  3.2 0.0000000000
-2.8  3.2 0.0000000000
-2.6  3.2 0.0000000000
-2.4  3.2 0.0000000000
-2.2  3.2 0.0000000000
-2.0  3.2 0.0000000000
-1.8  3.2 0.0000000000
-1.6  3.2 0.0000000000
-1.4  3.2 0.0000000000
-1.2  3.2 0.0000000000
-1.0  3.2 0.0000000000
-0.8  3.2 0.0000000000
-0.6  3.2 0.0000000000
-0.4  3.2 0.0000000000
-0.2  3.2 0.0000000000
 0.0  3.2 0.0000000000
 0.2  3.2 0.0000000000
 0.4  3.2 0.0000000000
 0.6  3.2 0.0000000000
 0.8  3.2 0.0000000008
 1.0  3.2 0.0000000110
 1.2  3.2 0.0000001217
 1.4  3.2 0.0000010347
 1.6  3.2 0.0000067824
 1.8  3.2 0.0000342651
 2.0  3.2 0.0001334200
 2.2  3.2 0.0004003985
 2.4  3.2 0.0009261182
 2.6  3.2 0.0016509842
 2.8  3.2 0.0022684118
 3.0  3.2 0.0024021679
 3.2  3.2 0.0019605923
 3.4  3.2 0.0012333141
 3.6  3.2 0.0005979469
 3.8  3.2 0.0002234364
 4.0  3.2 0.0000643499
-4.0  3.4 0.0000000000
-3.8  3.4 0.0000000000
-3.6  3.4 0.0000000000
-3.4  3.4 0.0000000000
-3.2  3.4 0.0000000000
-3.0  3.4 0.0000000000
-2.8  3.4 0.0000000000
-2.6  3.4 0.0000000000
-2.4  3.4 0.0000000000
-2.2  3.4 0.0000000000
-2.0  3.4 0.0000000000
-1.8  3.4 0.0000000000
-1.6  3.4 0.0000000000
-1.4  3.4 0.0000000000
-1.2  3.4 0.0000000000
-1.0  3.4 0.0000000000
-0.8  3.4 0.0000000000
-0.6  3.4 0.0000000000
-0.4  3.4 0.0000000000
-0.2  3.4 0.0000000000
 0.0  3.4 0.0000000000
 0.2  3.4 0.0000000000
 0.4  3.4 0.0000000000
 0.6  3.4 0.0000000000
 0.8  3.4 0.0000000000
 1.0  3.4 0.0000000005
 1.2  3.4 0.0000000070
 1.4  3.4 0.0000000753
 1.6  3.4 0.0000006276
 1.8  3.4 0.0000040289
 2.0  3.4 0.0000199347
 2.2  3.4 0.0000760204
 2.4  3.4 0.0002234364
 2.6  3.4 0.0005061511
 2.8  3.4 0.0008837082
 3.0  3.4 0.0011891593
 3.2  3.4 0.0012333141
 3.4  3.4 0.0009858477
 3.6  3.4 0.0006073632
 3.8  3.4 0.0002883962
 4.0  3.4 0.0001055439
-4.0  3.6 0.0000000000
-3.8  3.6 0.0000000000
-3.6  3.6 0.0000000000
-3.4  3.6 0.0000000000
-3.2  3.6 0.0000000000
-3.0  3.6 0.0000000000
-2.8  3.6 0.0000000000
-2.6  3.6 0.0000000000
-2.4  3.6 0.0000000000
-2.2  3.6 0.0000000000
-2.0  3.6 0.0000000000
-1.8  3.6 0.0000000000
-1.6  3.6 0.0000000000
-1.4  3.6 0.0000000000
-1.2  3.6 0.0000000000
-1.0  3.6 0.0000000000
-0.8  3.6 0.0000000000
-0.6  3.6 0.0000000000
-0.4  3.6 0.0000000000
-0.2  3.6 0.0000000000
 0.0  3.6 0.0000000000
 0.2  3.6 0.0000000000
 0.4  3.6 0.0000000000
 0.6  3.6 0.0000000000
 0.8  3.6 0.0000000000
 1.0  3.6 0.0000000000
 1.2  3.6 0.0000000003
 1.4  3.6 0.0000000042
 1.6  3.6 0.0000000448
 1.8  3.6 0.0000003651
 2.0  3.6 0.0000022956
 2.2  3.6 0.0000111242
 2.4  3.6 0.0000415474
 2.6  3.6 0.0001195969
 2.8  3.6 0.0002653373
 3.0  3.6 0.0004537109
 3.2  3.6 0.0005979469
 3.4  3.6 0.0006073632
 3.6  3.6 0.0004754849
 3.8  3.6 0.0002868980
 4.0  3.6 0.0001334200
-4.0  3.8 0.0000000000
-3.8  3.8 0.0000000000
-3.6  3.8 0.0000000000
-3.4  3.8 0.0000000000
-3.2  3.8 0.0000000000
-3.0  3.8 0.0000000000
-2.8  3.8 0.0000000000
-2.6  3.8 0.0000000000
-2.4  3.8 0.0000000000
-2.2  3.8 0.0000000000
-2.0  3.8 0.0000000000
-1.8  3.8 0.0000000000
-1.6  3.8 0.0000000000
-1.4  3.8 0.0000000000
-1.2  3.8 0.0000000000
-1.0  3.8 0.0000000000
-0.8  3.8 0.0000000000
-0.6  3.8 0.0000000000
-0.4  3.8 0.0000000000
-0.2  3.8 0.0000000000
 0.0  3.8 0.0000000000
 0.2  3.8 0.0000000000
 0.4  3.8 0.0000000000
 0.6  3.8 0.0000000000
 0.8  3.8 0.0000000000
 1.0  3.8 0.0000000000
 1.2  3.8 0.0000000000
 1.4  3.8 0.0000000002
 1.6  3.8 0.0000000025
 1.8  3.8 0.0000000255
 2.0  3.8 0.0000002037
 2.2  3.8 0.0000012546
 2.4  3.8 0.0000059544
 2.6  3.8 0.0000217802
 2.8  3.8 0.0000614031
 3.0  3.8 0.0001334200
 3.2  3.8 0.0002234364
 3.4  3.8 0.0002883962
 3.6  3.8 0.0002868980
 3.8  3.8 0.0002199724
 4.0  3.8 0.0001299904
-4.0  4.0 0.0000000000
-3.8  4.0 0.0000000000
-3.6  4.0 0.0000000000
-3.4  4.0 0.0000000000
-3.2  4.0 0.0000000000
-3.0  4.0 0.0000000000
-2.8  4.0 0.0000000000
-2.6  4.0 0.0000000000
-2.4  4.0 0.0000000000
-2.2  4.0 0.0000000000
-2.0  4.0 0.0000000000
-1.8  4.0 0.0000000000
-1.6  4.0 0.0000000000
-1.4  4.0 0.0000000000
-1.2  4.0 0.0000000000
-1.0  4.0 0.0000000000
-0.8  4.0 0.0000000000
-0.6  4.0 0.0000000000
-0.4  4.0 0.0000000000
-0.2  4.0 0.0000000000
 0.0  4.0 0.0000000000
 0.2  4.0 0.0000000000
 0.4  4.0 0.0000000000
 0.6  4.0 0.0000000000
 0.8  4.0 0.0000000000
 1.0  4.0 0.0000000000
 1.2  4.0 0.0000000000
 1.4  4.0 0.0000000000
 1.6  4.0 0.0000000001
 1.8  4.0 0.0000000014
 2.0  4.0 0.0000000139
 2.2  4.0 0.0000001091
 2.4  4.0 0.0000006577
 2.6  4.0 0.0000030571
 2.8  4.0 0.0000109518
 3.0  4.0 0.0000302388
 3.2  4.0 0.0000643499
 3.4  4.0 0.0001055439
 3.6  4.0 0.0001334200
 3.8  4.0 0.0001299904
 4.0  4.0 0.0000976121
